Tema: Generación eléctrica por fuente												
2023 - Electricidad - Cantidad												
Descripción	Unidad	Africa	América Latina y el Caribe	Asia & Australia	Europa	Ex URSS	Medio Oriente	Norte América	Mundo	OCDE	China	EE.UU.
Hidro	GWh	161645,22	772826,96	1788408,23	638699,49	253001,85	27580,26	600517,79	4242679,81	1385492,37	1225995,50	236321,30
Térmica no renovable	GWh	670344,13	591802,00	10227401,78	1220111,56	1017781,63	1355352,88	2812067,11	17894861,09	5518451,84	6062835,62	2693815,69
Nuclear	GWh	8902,54	35509,53	781053,69	735936,04	231826,34	38909,35	905171,48	2737308,98	1831673,13	434720,00	816154,90
Geotermia	GWh	0,00	9149,52	0,00					9149,52			
Eólica	GWh	27821,43	154549,83	1045164,37	614128,20	8801,47	5101,65	468467,00	2324033,95	1149372,44	885870,00	429530,71
Solar	GWh	19197,22	96883,77	927746,93	294877,10	5974,81	35907,38	248166,85	1628754,07	755250,16	584150,00	240525,25
Otros	GWh	96,33	0,00	4274,99	2488,48	16,11	3,68	77674,59	84554,17	4287,49	2276,53	729,66
Térmica renovable	GWh	14919,68	73352,73	507914,78	298885,98	7433,95	533,63	15068,08	918108,82	534072,89		76880,24
Total	GWh	902926,55	1734074,34	15281964,77	3805126,84	1524836,17	1463388,83	5127132,91	29839450,41	11178600,32	9195847,65	4493957,74
Nota: BP p.l.c. y para América Latina y el Caribe a partir del 2000 corresponden a datos recopilados por OLADE												
Última actualización: julio de 2025												
Fuente: sieLAC-OLADE												
